val_metric:0.8536404410985493	0.5470159895713114	0.5184549356223176	0.87614983	
test_metric:0.8556945049775914	0.5767968013149233	0.5361552028218695	0.89549667	
